research/big_optimaze.txt:[0.10292202472686768, 0.11512415885925292, 0.10021682739257813]
research/insert.txt:[3.3307075500488283e-06, 3.5071372985839846e-06, 3.5810470581054686e-06]
research/key_delete.txt:[4.138946533203125e-06, 8.471012115478516e-06, 2.742767333984375e-05]
research/key_select.txt:[2.7441978454589843e-06, 6.282329559326172e-06, 7.557868957519531e-06]
research/key_update.txt:[7.34567642211914e-06, 7.977485656738281e-06, 1.8575191497802734e-05]
research/litle_optimaze.txt:[0.11814208269119263, 0.13773992538452148, 0.22426060438156128]
research/mask_select.txt:[6.970405578613282e-05, 0.0006312894821166993, 0.007918729782104492]
research/val_delete.txt:[3.988504409790039e-05, 0.0003861021995544434, 0.005107071399688721]
research/val_select.txt:[2.1371841430664063e-05, 0.00018236398696899414, 0.0021888542175292967]
research/val_update.txt:[3.871679306030273e-05, 0.00035859107971191405, 0.005221281051635742]